%YAML:1.0
trainHists: !!opencv-matrix
   rows: 13
   cols: 125
   dt: f
   data: [ 2.35294108e-03, 2.35294108e-03, 0., 1.17647052e-02,
       9.41176433e-03, 0., 0., 0., 4.70588217e-03, 4.70588217e-03,
       7.05882348e-03, 4.70588217e-03, 0., 4.70588217e-03,
       9.41176433e-03, 4.70588217e-03, 0., 1.17647052e-02,
       1.17647052e-02, 4.70588217e-03, 0., 1.88235287e-02,
       9.41176433e-03, 1.17647052e-02, 2.35294104e-02, 0.,
       1.17647052e-02, 1.41176470e-02, 4.70588217e-03, 1.17647052e-02,
       9.41176433e-03, 0., 2.35294108e-03, 0., 2.35294108e-03,
       4.70588217e-03, 0., 2.11764704e-02, 0., 0., 1.17647052e-02,
       9.41176433e-03, 4.70588217e-03, 1.64705869e-02, 9.41176433e-03,
       4.70588217e-03, 2.11764704e-02, 0., 4.70588217e-03,
       4.70588217e-03, 7.05882348e-03, 2.35294108e-03, 9.41176433e-03,
       2.35294108e-03, 3.76470573e-02, 0., 9.41176433e-03,
       4.70588217e-03, 2.35294108e-03, 1.88235287e-02, 1.17647052e-02,
       2.35294108e-03, 7.05882348e-03, 4.70588217e-03, 4.70588217e-03,
       3.05882338e-02, 1.41176470e-02, 7.05882348e-03, 2.35294108e-03,
       2.35294108e-03, 4.70588217e-03, 4.70588217e-03, 2.58823521e-02,
       2.35294108e-03, 1.17647052e-02, 2.35294108e-03, 2.35294108e-03,
       2.35294108e-03, 1.64705869e-02, 1.88235287e-02, 4.70588217e-03,
       3.05882338e-02, 2.35294108e-03, 4.70588217e-03, 4.70588217e-03,
       1.41176470e-02, 0., 2.35294108e-03, 2.35294104e-02, 0.,
       2.35294108e-03, 9.41176433e-03, 1.17647052e-02, 1.41176470e-02,
       1.64705869e-02, 3.52941155e-02, 0., 4.70588217e-03,
       2.11764704e-02, 1.41176470e-02, 9.41176433e-03, 9.41176433e-03,
       2.35294108e-03, 1.41176470e-02, 4.70588217e-03, 4.70588217e-03,
       2.35294108e-03, 1.41176470e-02, 2.35294108e-03, 2.35294108e-03,
       1.17647052e-02, 0., 9.41176433e-03, 1.17647052e-02,
       2.35294108e-03, 9.41176433e-03, 2.35294108e-03, 1.64705869e-02,
       1.41176470e-02, 1.41176470e-02, 2.35294108e-03, 7.05882348e-03,
       4.70588217e-03, 7.05882348e-03, 4.70588217e-03, 6.25000056e-03,
       1.25000011e-02, 1.04166670e-02, 2.70833354e-02, 6.25000056e-03,
       0., 1.66666675e-02, 2.08333344e-03, 1.87500007e-02,
       4.16666688e-03, 1.25000011e-02, 2.08333344e-03, 6.25000056e-03,
       4.16666688e-03, 2.08333344e-03, 4.16666688e-03, 4.16666688e-03,
       6.25000056e-03, 1.04166670e-02, 1.04166670e-02, 6.25000056e-03,
       8.33333377e-03, 8.33333377e-03, 0., 0., 1.25000011e-02,
       1.66666675e-02, 2.08333344e-03, 4.58333343e-02, 1.25000011e-02,
       4.16666688e-03, 6.25000056e-03, 8.33333377e-03, 3.95833366e-02,
       2.08333344e-03, 8.33333377e-03, 4.16666688e-03, 4.16666688e-03,
       2.08333344e-03, 1.25000011e-02, 0., 6.25000056e-03,
       5.41666709e-02, 2.08333344e-03, 2.08333344e-03, 4.16666688e-03,
       6.25000056e-03, 1.04166670e-02, 0., 2.08333344e-03,
       6.25000056e-03, 6.25000056e-03, 4.16666688e-03, 0.,
       2.29166672e-02, 2.91666687e-02, 4.16666688e-03, 6.25000056e-03,
       6.25000056e-03, 2.08333344e-03, 2.08333344e-03, 2.08333344e-03,
       6.25000056e-03, 8.33333377e-03, 8.33333377e-03, 3.54166701e-02,
       1.66666675e-02, 6.25000056e-03, 0., 6.25000056e-03,
       4.16666688e-03, 4.16666688e-03, 2.08333344e-03, 2.08333344e-03,
       4.16666688e-03, 2.08333344e-03, 2.08333344e-03, 2.08333344e-03,
       2.08333344e-03, 0., 4.16666688e-03, 6.25000056e-03,
       2.70833354e-02, 0., 4.16666688e-03, 4.16666688e-03, 0.,
       6.25000056e-03, 8.33333377e-03, 2.08333340e-02, 0.,
       2.08333344e-03, 6.25000056e-03, 4.16666688e-03, 2.08333344e-03,
       8.33333377e-03, 1.04166670e-02, 8.33333377e-03, 4.16666688e-03,
       1.66666675e-02, 1.25000011e-02, 1.04166670e-02, 5.00000045e-02,
       4.16666688e-03, 4.16666688e-03, 4.16666688e-03, 0.,
       6.25000056e-03, 6.25000056e-03, 1.45833343e-02, 0.,
       2.08333344e-03, 0., 0., 2.08333344e-03, 2.08333340e-02,
       1.87500007e-02, 0., 0., 0., 1.04166670e-02, 1.04166670e-02,
       8.33333377e-03, 6.25000056e-03, 2.08333344e-03, 2.93040294e-02,
       3.66300368e-03, 7.32600736e-03, 2.93040294e-02, 0., 0.,
       7.32600736e-03, 7.32600736e-03, 1.09890113e-02, 1.46520147e-02,
       1.09890113e-02, 3.66300368e-03, 7.32600736e-03, 3.66300368e-03,
       0., 7.32600736e-03, 0., 3.66300368e-03, 1.09890113e-02,
       3.66300368e-03, 7.32600736e-03, 3.66300368e-03, 1.09890113e-02,
       0., 3.66300368e-03, 1.83150191e-02, 0., 3.66300368e-03, 0.,
       4.02930416e-02, 3.66300368e-03, 7.32600736e-03, 7.32600736e-03,
       7.32600736e-03, 0., 1.46520147e-02, 1.09890113e-02,
       7.32600736e-03, 7.32600736e-03, 1.83150191e-02, 3.66300368e-03,
       7.32600736e-03, 1.09890113e-02, 7.32600736e-03, 0.,
       7.32600736e-03, 1.09890113e-02, 1.46520147e-02, 0.,
       7.32600736e-03, 3.66300368e-03, 7.32600736e-03, 7.32600736e-03,
       0., 1.83150191e-02, 5.12820520e-02, 3.66300368e-03, 0.,
       7.32600736e-03, 0., 7.32600736e-03, 3.66300368e-03,
       3.66300368e-03, 7.32600736e-03, 1.83150191e-02, 4.76190485e-02,
       1.46520147e-02, 1.46520147e-02, 0., 1.09890113e-02,
       3.66300368e-03, 1.09890113e-02, 1.46520147e-02, 7.32600736e-03,
       0., 7.32600736e-03, 0., 1.09890113e-02, 1.46520147e-02, 0.,
       1.83150191e-02, 0., 3.66300368e-03, 1.09890113e-02,
       7.32600736e-03, 0., 0., 3.66300368e-03, 0., 2.56410260e-02, 0.,
       1.09890113e-02, 0., 7.32600736e-03, 3.66300368e-03,
       7.32600736e-03, 7.32600736e-03, 1.09890113e-02, 1.46520147e-02,
       0., 0., 0., 3.29670347e-02, 7.32600736e-03, 3.66300368e-03,
       3.66300368e-03, 0., 1.46520147e-02, 1.09890113e-02,
       1.46520147e-02, 3.66300368e-03, 1.46520147e-02, 0., 0., 0.,
       7.32600736e-03, 2.19780225e-02, 0., 7.32600736e-03,
       3.66300368e-03, 0., 0., 1.46520147e-02, 3.66300368e-03,
       3.66300368e-03, 3.35570471e-03, 1.34228189e-02, 1.34228189e-02,
       1.00671146e-02, 3.35570471e-03, 1.00671146e-02, 6.71140943e-03,
       3.35570471e-03, 2.34899335e-02, 0., 3.35570471e-03,
       1.00671146e-02, 1.00671146e-02, 1.00671146e-02, 3.35570471e-03,
       3.35570471e-03, 6.71140943e-03, 6.71140943e-03, 1.00671146e-02,
       6.71140943e-03, 1.00671146e-02, 3.35570462e-02, 1.34228189e-02,
       0., 0., 0., 6.71140943e-03, 3.35570471e-03, 0., 1.34228189e-02,
       3.35570471e-03, 3.35570471e-03, 1.67785231e-02, 3.35570471e-03,
       6.71140943e-03, 2.01342292e-02, 0., 2.01342292e-02,
       1.00671146e-02, 1.00671146e-02, 3.35570471e-03, 3.35570471e-03,
       1.67785231e-02, 1.34228189e-02, 0., 6.71140943e-03,
       3.35570471e-03, 3.35570471e-03, 6.71140943e-03, 6.71140943e-03,
       0., 6.71140943e-03, 3.35570471e-03, 2.01342292e-02, 0.,
       6.71140943e-03, 1.00671146e-02, 3.35570471e-03, 3.35570471e-03,
       1.00671146e-02, 0., 6.71140943e-03, 3.35570471e-03,
       3.35570471e-03, 1.00671146e-02, 5.03355712e-02, 3.35570462e-02,
       6.71140943e-03, 3.35570471e-03, 0., 0., 3.35570471e-03,
       1.67785231e-02, 0., 3.35570471e-03, 3.35570471e-03, 0.,
       3.35570471e-03, 1.67785231e-02, 3.35570471e-03, 6.71140943e-03,
       1.34228189e-02, 0., 3.35570471e-03, 1.00671146e-02,
       3.35570471e-03, 5.03355712e-02, 1.00671146e-02, 2.68456377e-02,
       0., 1.34228189e-02, 0., 0., 6.71140943e-03, 3.35570471e-03,
       3.35570471e-03, 2.34899335e-02, 1.00671146e-02, 6.71140943e-03,
       0., 6.71140943e-03, 6.71140943e-03, 1.34228189e-02,
       1.67785231e-02, 1.00671146e-02, 6.71140943e-03, 3.35570471e-03,
       3.35570471e-03, 3.35570471e-03, 6.71140943e-03, 3.35570471e-03,
       1.34228189e-02, 1.34228189e-02, 6.71140943e-03, 2.01342292e-02,
       0., 6.71140943e-03, 6.71140943e-03, 6.71140943e-03,
       3.35570471e-03, 1.67785231e-02, 0., 3.35570471e-03,
       3.35570471e-03, 0., 5.95238106e-03, 2.97619053e-03, 0.,
       2.08333340e-02, 0., 0., 2.08333340e-02, 2.08333340e-02,
       2.08333340e-02, 1.19047621e-02, 2.97619053e-03, 5.95238106e-03,
